% number of repeats:% 3
% enter nfirst, nlast, ninc:% 100 1000 100 
data_ref( 1, 1:2 ) = [ 100 1.685970e-04 ];
data_unb_var1( 1, 1:3 ) = [ 100 9.493110e-04 1.421085e-14];
data_ref( 2, 1:2 ) = [ 200 9.612790e-04 ];
data_unb_var1( 2, 1:3 ) = [ 200 5.297159e-03 3.197442e-14];
data_ref( 3, 1:2 ) = [ 300 3.143365e-03 ];
data_unb_var1( 3, 1:3 ) = [ 300 1.507332e-02 6.039613e-14];
data_ref( 4, 1:2 ) = [ 400 6.864511e-03 ];
data_unb_var1( 4, 1:3 ) = [ 400 3.232696e-02 7.815970e-14];
data_ref( 5, 1:2 ) = [ 500 1.299936e-02 ];
data_unb_var1( 5, 1:3 ) = [ 500 5.928693e-02 1.136868e-13];
data_ref( 6, 1:2 ) = [ 600 2.222360e-02 ];
data_unb_var1( 6, 1:3 ) = [ 600 9.798301e-02 1.918465e-13];
data_ref( 7, 1:2 ) = [ 700 3.472316e-02 ];
data_unb_var1( 7, 1:3 ) = [ 700 1.483319e-01 1.989520e-13];
data_ref( 8, 1:2 ) = [ 800 5.196520e-02 ];
data_unb_var1( 8, 1:3 ) = [ 800 2.152687e-01 2.344791e-13];
data_ref( 9, 1:2 ) = [ 900 7.389148e-02 ];
data_unb_var1( 9, 1:3 ) = [ 900 2.975907e-01 2.486900e-13];
data_ref( 10, 1:2 ) = [ 1000 1.011839e-01 ];
data_unb_var1( 10, 1:3 ) = [ 1000 3.995076e-01 2.629008e-13];
